ERR479092
ERR480587
ERR480588
ERR479091
ERR479036
ERR479033
ERR479035
ERR480529
ERR480530
ERR480531
ERR480532
ERR479034
ERR479041
ERR479042
ERR480538
ERR480537
ERR480893
ERR479397
ERR479398
ERR479399
ERR480894
ERR480895
ERR479400
ERR480896
ERR480467
ERR480468
ERR480469
ERR478970
ERR478971
ERR478972
ERR480466
ERR478973
ERR479050
ERR479052
ERR480548
ERR480545
ERR480546
ERR479049
ERR479051
ERR480547
ERR479320
ERR480816
ERR479319
ERR480815
ERR479340
ERR480835
ERR480836
ERR479339
ERR479413
ERR479414
ERR480909
ERR480910
ERR478997
ERR478994
ERR478995
ERR478996
ERR480492
ERR480490
ERR480491
ERR480493
ERR480458
ERR480459
ERR478963
ERR478962
ERR480606
ERR479107
ERR479108
ERR479109
ERR480603
ERR479110
ERR480604
ERR480605
ERR479393
ERR479394
ERR480889
ERR480890
ERR480590
ERR479094
ERR479095
ERR480589
ERR480591
ERR480592
ERR479093
ERR479096
ERR480663
ERR480664
ERR479167
ERR479168
ERR479325
ERR480822
ERR479326
ERR480821
ERR480560
ERR479064
ERR480559
ERR479063
ERR479119
ERR479120
ERR480614
ERR480615
ERR480616
ERR479118
ERR479121
ERR480617
ERR479263
ERR479265
ERR480760
ERR479264
ERR479266
ERR480759
ERR480761
ERR480762
ERR479046
ERR479048
ERR480541
ERR480542
ERR480543
ERR479045
ERR479047
ERR480544
ERR479129
ERR479130
ERR479128
ERR480624
ERR480625
ERR480626
ERR480627
ERR479131
ERR479405
ERR479406
ERR479407
ERR480904
ERR479408
ERR480901
ERR480903
ERR480902
ERR479295
ERR479294
ERR479296
ERR479297
ERR480790
ERR480791
ERR480792
ERR480793
ERR480595
ERR479099
ERR479100
ERR480596
ERR478980
ERR478983
ERR480476
ERR480477
ERR478981
ERR478982
ERR480478
ERR480479
ERR479274
ERR479275
ERR480770
ERR480771
ERR479287
ERR480782
ERR480785
ERR479286
ERR479288
ERR479289
ERR480783
ERR480784
ERR480470
ERR478974
ERR478975
ERR480471
ERR480500
ERR480501
ERR479005
ERR479004
ERR480692
ERR479195
ERR479196
ERR479197
ERR480691
ERR480693
ERR480694
ERR479198
ERR479271
ERR479272
ERR479273
ERR480766
ERR480769
ERR479270
ERR480767
ERR480768
ERR479132
ERR479133
ERR480630
ERR479135
ERR480628
ERR480629
ERR480631
ERR479134
ERR480510
ERR480513
ERR479017
ERR480511
ERR480512
ERR479014
ERR479015
ERR479016
ERR479204
ERR479205
ERR480699
ERR480701
ERR479203
ERR479206
ERR480700
ERR480702
ERR479059
ERR479062
ERR480555
ERR480556
ERR479060
ERR479061
ERR480557
ERR480558
ERR478987
ERR478988
ERR478989
ERR478986
ERR480482
ERR480483
ERR480484
ERR480485
ERR479379
ERR480874
ERR480875
ERR480877
ERR479378
ERR479380
ERR479381
ERR480876
ERR479101
ERR480597
ERR480598
ERR479102
ERR480577
ERR480578
ERR479079
ERR479081
ERR479080
ERR479082
ERR480575
ERR480576
ERR478979
ERR478976
ERR478977
ERR478978
ERR480472
ERR480473
ERR480474
ERR480475
ERR479259
ERR479260
ERR479261
ERR480755
ERR480756
ERR480757
ERR480758
ERR479262
ERR480866
ERR479370
ERR479372
ERR479373
ERR480867
ERR480868
ERR480869
ERR479371
ERR479021
ERR480517
ERR479019
ERR480514
ERR480515
ERR479018
ERR479020
ERR480516
ERR479210
ERR479211
ERR480705
ERR480706
ERR480707
ERR480708
ERR479209
ERR479212
ERR479003
ERR480496
ERR480498
ERR480499
ERR479000
ERR479001
ERR479002
ERR480497
ERR478990
ERR478991
ERR478992
ERR480487
ERR480488
ERR478993
ERR480489
ERR480486
ERR480540
ERR479044
ERR479043
ERR480539
ERR480646
ERR479150
ERR479152
ERR479153
ERR480647
ERR480648
ERR480649
ERR479151
ERR478965
ERR480462
ERR480463
ERR478964
ERR478967
ERR478966
ERR480460
ERR480461
ERR479391
ERR480887
ERR480888
ERR479392
ERR479172
ERR479170
ERR480665
ERR480666
ERR480667
ERR480668
ERR479169
ERR479171
ERR479404
ERR479401
ERR479402
ERR480897
ERR480898
ERR480899
ERR480900
ERR479403
ERR479321
ERR479322
ERR479323
ERR479324
ERR480817
ERR480818
ERR480820
ERR480819
ERR479267
ERR480763
ERR479268
ERR480764
ERR479269
ERR480765
ERR479160
ERR480655
ERR479157
ERR479158
ERR480653
ERR479159
ERR480654
ERR480656
ERR480456
ERR478959
ERR478961
ERR480454
ERR478958
ERR478960
ERR480455
ERR480457
ERR479312
ERR479314
ERR479315
ERR480808
ERR480809
ERR480810
ERR479313
ERR480811
ERR479342
ERR479341
ERR480837
ERR480838
ERR479185
ERR480679
ERR480680
ERR480681
ERR479184
ERR480682
ERR479183
ERR479186
ERR479374
ERR479377
ERR479376
ERR480870
ERR480871
ERR480872
ERR479375
ERR480873
ERR479023
ERR480518
ERR480519
ERR479022
